0.2;40.5168004587156
0.2327759197324415;29.995312894643526
0.265551839464883;23.134564889542172
0.29832775919732446;18.418349666985694
0.3311036789297659;15.041285406547898
0.3638795986622074;12.54341259839739
0.39665551839464885;10.646541847687871
0.42943143812709034;9.174402560810373
0.4622073578595318;8.01091040114216
0.4949832775919733;7.077091162562083
0.5277591973244148;6.317704079199296
0.5605351170568562;5.693170323352151
0.5933110367892978;5.174531544726992
0.6260869565217392;4.740204904565826
0.6588628762541806;4.373838554895355
0.6916387959866221;4.062860841983307
0.7244147157190637;3.7974781324700357
0.757190635451505;3.5699694485606965
0.7899665551839465;3.374181540984118
0.8227424749163881;3.2051618534672723
0.8555183946488296;3.0588879628462475
0.8882943143812709;2.932065565316657
0.9210702341137125;2.8219758569957167
0.953846153846154;2.726358973180944
0.9866220735785953;2.643324068549987
1.0193979933110369;2.571279300019464
1.0521739130434784;2.508876832424705
1.08494983277592;2.454969293082658
1.1177257525083613;2.4085750301350535
1.1505016722408028;2.3688501977308083
1.1832775919732443;2.3350661768663366
1.2160535117056857;2.306591197374857
1.2488294314381272;2.28287529089651
1.2816053511705687;2.2634379022974467
1.31438127090301;2.247857635996894
1.3471571906354516;2.235763726860435
1.3799331103678931;2.2268289119608164
1.4127090301003347;2.220763446290295
1.445484949832776;2.2173100573259505
1.4782608695652175;2.216239673809527
1.511036789297659;2.217347795885568
1.5438127090301004;2.220451398850158
1.576588628762542;2.2253862827072783
1.6093645484949834;2.2320047956551434
1.642140468227425;2.2401738724043834
1.6749163879598663;2.2497733385337777
1.7076923076923078;2.260694440435018
1.7404682274247494;2.2728385671872853
1.7732441471571907;2.2861161362487477
1.8060200668896322;2.3004456194012417
1.8387959866220738;2.31575268913007
1.8715719063545153;2.3319694687164843
1.9043478260869566;2.349033871887931
1.9371237458193982;2.3668890200080335
1.9698996655518397;2.385482726572606
2.0026755852842815;2.404767040272819
2.035451505016723;2.4246978391426497
2.068227424749164;2.445234469366416
2.101003344481606;2.4663394232169598
2.133779264214047;2.487978051353485
2.1665551839464885;2.510118305352641
2.1993311036789303;2.532730506895674
2.2321070234113716;2.5557871405036936
2.2648829431438133;2.5792626671149015
2.2976588628762546;2.6031333561425183
2.330434782608696;2.627377133948924
2.3632107023411377;2.651973446927371
2.395986622073579;2.676903137603773
2.4287625418060204;2.702148332362555
2.461538461538462;2.7276923395667017
2.4943143812709034;2.7535195569866273
2.527090301003345;2.77961538757835
2.5598662207357865;2.8059661627612895
2.592642140468228;2.832559072442082
2.6254180602006696;2.859382101114922
2.658193979933111;2.886423969442782
2.6909698996655522;2.913674080788749
2.723745819397994;2.9411224722238494
2.7565217391304353;2.968759769588103
2.7892976588628766;2.996577146226058
2.8220735785953184;3.024566285057407
2.8548494983277597;3.0527193436781337
2.887625418060201;3.0810289222186094
2.9204013377926428;3.1094880337124966
2.953177257525084;3.138090076754784
2.985953177257526;3.1668288102490583
3.018729096989967;3.1956983300635295
3.0515050167224085;3.2246930474326922
3.0842809364548502;3.253807668957014
3.1170568561872916;3.283037178066937
3.149832775919733;3.3123768178299473
3.1826086956521746;3.3418220749906182
3.215384615384616;3.371368665143617
3.2481605351170573;3.4010125189486744
3.280936454849499;3.4307497693046622
3.3137123745819403;3.460576739407273
3.3464882943143817;3.490489931621409
3.3792642140468234;3.5204860171053722
3.4120401337792647;3.5505618261293597
3.4448160535117065;3.5807143390356817
3.477591973244148;3.610940677792529
3.510367892976589;3.641238098097182
3.543143812709031;3.671603981988176
3.575919732441472;3.702035830929282
3.6086956521739135;3.732531259331182
3.6414715719063553;3.7630879884794557
3.6742474916387966;3.79370384084002
3.707023411371238;3.824376734715444
3.7397993311036797;3.855104679227638
3.772575250836121;3.885885769604343
3.8053511705685628;3.916718182748573
3.838127090301004;3.9476001730717587
3.8709030100334454;3.9785300685728173
3.903678929765887;4.009506267146689
3.9364548494983285;4.040527233107121
3.96923076923077;4.07159149390962
4.0020066889632115;4.10269763706148
4.034782608695653;4.133844307206822
4.067558528428094;4.16503020337536
4.1003344481605355;4.196254076384514
4.133110367892977;4.227514726385143
4.165886287625418;4.258811000541914
4.19866220735786;4.2901417908399235
4.231438127090302;4.3215060320097844
4.264214046822743;4.352902699563926
4.296989966555184;4.384330807937323
4.3297658862876265;4.415789408726391
4.362541806020068;4.44727758902013
4.395317725752509;4.4787944698180775
4.42809364548495;4.510339204529903
4.460869565217392;4.541910977551901
4.493645484949834;4.573509002915893
4.526421404682275;4.6051325230063584
4.559197324414717;4.636780807341902
4.591973244147158;4.668453151417369
4.624749163879599;4.700148875603211
4.6575250836120405;4.731867324098869
4.690301003344483;4.763607863937179
4.723076923076924;4.795369884036965
4.755852842809365;4.827152794301186
4.788628762541807;4.858956024758133
4.821404682274248;4.890779024743369
4.85418060200669;4.922621262120189
4.8869565217391315;4.954482222536552
4.919732441471573;4.986361408716571
4.952508361204014;5.018258339784693
4.9852842809364555;5.05017255062089
5.018060200668897;5.082103591245231
5.050836120401339;5.114051026230324
5.08361204013378;5.14601443414018
5.116387959866222;5.177993406994168
5.149163879598663;5.209987549754773
5.181939799331104;5.241996479837961
5.214715719063546;5.274019826645022
5.247491638795988;5.3060572311148135
5.280267558528429;5.338108345295403
5.31304347826087;5.370172831934145
5.345819397993312;5.4022503640853055
5.378595317725753;5.434340624734361
5.411371237458195;5.46644330643819
5.444147157190637;5.4985581109803725
5.476923076923078;5.530684749040889
5.509698996655519;5.562822939879538
5.5424749163879605;5.594972411032409
5.575250836120402;5.627132898020818
5.608026755852844;5.659304144072112
5.640802675585285;5.691485899851797
5.673578595317727;5.723677923206465
5.706354515050168;5.755879978917033
5.739130434782609;5.788091838461812
5.7719063545150515;5.820313279788968
5.804682274247493;5.852544087097954
5.837458193979934;5.884784050629507
5.8702341137123755;5.917032966463831
5.903010033444817;5.9492906363265945
5.935785953177258;5.9815568674024195
5.9685618729097;6.013831472155507
6.001337792642142;6.046114268157109
6.034113712374583;6.078405077919539
6.066889632107024;6.1107037287364445
6.099665551839466;6.143010052529073
6.132441471571908;6.175323885698268
6.165217391304349;6.207645068981963
6.19799331103679;6.2399734473179365
6.230769230769232;6.272308869711606
6.263545150501673;6.304651189108654
6.296321070234114;6.337000262272277
6.329096989966557;6.369355949664883
6.361872909698998;6.401718115334035
6.394648829431439;6.434086626802476
6.4274247491638805;6.466461354962086
6.460200668896322;6.4988421739715685
6.492976588628763;6.531228961157766
6.525752508361205;6.563621596920427
6.558528428093647;6.59601996464029
6.591304347826088;6.628423950590376
6.624080267558529;6.660833443850329
6.656856187290971;6.69324833622371
6.689632107023413;6.725668522158118
6.722408026755854;6.758093898668031
6.7551839464882955;6.790524365260263
6.787959866220737;6.822959823861932
6.820735785953178;6.855400178750846
6.853511705685619;6.887845336488212
6.886287625418062;6.920295205853588
6.919063545150503;6.952749697781976
6.951839464882944;6.985208725302998
6.984615384615386;7.017672203482057
7.017391304347827;7.050140049363421
7.050167224080269;7.0826121819151515
7.08294314381271;7.1150885219758155
7.115719063545152;7.147568992202912
7.148494983277593;7.180053517022945
7.181270903010034;7.212542022583094
7.214046822742476;7.245034436704411
7.246822742474918;7.277530688836507
7.279598662207359;7.3100307100136455
7.3123745819398005;7.342534432812233
7.345150501672242;7.375041791309618
7.377926421404683;7.40755272104417
7.410702341137125;7.440067158976601
7.443478260869567;7.4725850434524625
7.476254180602008;7.505106314165808
7.509030100334449;7.537630912123947
7.541806020066891;7.570158779613282
7.574581939799332;7.602689860166162
7.607357859531774;7.635224098528758
7.640133779264215;7.66776144062987
7.672909698996657;7.700301833550698
7.705685618729098;7.732845225495483
7.738461538461539;7.76539156576303
7.771237458193982;7.797940804719074
7.804013377926423;7.830492893769442
7.836789297658864;7.863047785334014
7.8695652173913055;7.895605432821434
7.902341137123747;7.928165790604553
7.935117056856188;7.960728813996587
7.96789297658863;7.993294459227952
8.000668896321072;8.025862683423764
8.033444816053512;8.058433444581985
8.066220735785954;8.091006701552189
8.098996655518395;8.123582414014919
8.131772575250837;8.15616054246164
8.16454849498328;8.188741048175233
8.19732441471572;8.22132389321106
8.230100334448162;8.25390904037854
8.262876254180602;8.286496453223227
8.295652173913044;8.319086096009416
8.328428093645485;8.351677933703176
8.361204013377927;8.384271931955908
8.393979933110367;8.416868057088294
8.42675585284281;8.449466276074725
8.459531772575252;8.482066556528125
8.492307692307692;8.514668866685197
8.525083612040135;8.547273175392064
8.557859531772575;8.579879452090283
8.590635451505017;8.612487666803254
8.62341137123746;8.645097790122964
8.6561872909699;8.677709793197094
8.688963210702342;8.710323647716482
8.721739130434782;8.742939325902876
8.754515050167225;8.77555680049705
8.787290969899667;8.8081760447472
8.820066889632107;8.840797032397647
8.85284280936455;8.873419737677859
8.88561872909699;8.9060441352917
8.918394648829432;8.938670200407017
8.951170568561873;8.971297908645454
8.983946488294315;9.003927236072533
9.016722408026757;9.036558159187999
9.049498327759197;9.06919065491639
9.08227424749164;9.101824700597874
9.11505016722408;9.134460273979274
9.147826086956522;9.167097353205365
9.180602006688964;9.199735916810349
9.213377926421405;9.232375943709558
9.246153846153847;9.265017413191377
9.278929765886287;9.297660304909332
9.31170568561873;9.330304598874411
9.344481605351172;9.362950275447536
9.377257525083612;9.39559731533225
9.410033444816055;9.428245699567569
9.442809364548495;9.460895409520996
9.475585284280937;9.493546426881732
9.50836120401338;9.526198733654018
9.54113712374582;9.558852312150666
9.573913043478262;9.591507144986725
9.606688963210702;9.6241632150733
9.639464882943145;9.656820505611538
9.672240802675585;9.689479000086719
9.705016722408027;9.722138682262528
9.73779264214047;9.754799536175433
9.77056856187291;9.787461546129203
9.803344481605352;9.82012469668956
9.836120401337793;9.852788972678939
9.868896321070235;9.885454359171401
9.901672240802677;9.918120841487626
9.934448160535117;9.950788405190044
9.96722408026756;9.983457036078079
10.0;10.016126720183486
Linea Recta
0.0;0.0
1.1111111111111112;1.1111111111111112
2.2222222222222223;2.2222222222222223
3.3333333333333335;3.3333333333333335
4.444444444444445;4.444444444444445
5.555555555555555;5.555555555555555
6.666666666666667;6.666666666666667
7.777777777777779;7.777777777777779
8.88888888888889;8.88888888888889
10.0;10.0
